1 2 3 4 5 6 7 8 9 1 9 9 9 9 9 9 9
1 8 1 1 1 1 1 1 1 1 9 9 9 9 9 9 9
1 1 1 3 7 9 7 5 1 1 9 9 9 9 9 9 9
1 1 1 5 7 9 7 5 1 1 9 9 9 9 9 9 9
1 1 1 5 7 9 7 5 1 1 9 9 1 1 1 1 1
1 1 1 5 7 9 7 5 1 1 9 9 1 9 9 9 1
1 1 1 5 7 9 7 5 1 1 9 9 1 9 9 9 1
1 1 1 5 7 9 7 5 1 1 9 9 1 1 1 1 1
1 1 1 1 1 1 1 1 1 1 9 9 9 9 9 9 9
1 1 1 1 1 1 1 1 1 1 9 9 1 1 1 9 1
1 1 1 1 1 1 1 1 1 1 9 9 1 9 1 9 1
1 1 1 1 1 1 1 1 1 1 9 9 1 9 1 9 1
1 1 1 1 1 1 1 1 1 1 9 9 1 9 1 1 1
1 1 1 1 1 1 1 1 1 1 9 9 9 9 9 9 9
1 1 1 1 1 1 1 1 1 1 9 9 1 1 1 1 1
1 1 1 1 1 1 1 1 1 1 9 9 9 9 9 9 1
1 1 1 1 1 1 1 1 1 1 9 9 9 9 9 9 1
1 1 1 1 1 1 1 1 1 1 9 9 1 1 1 1 1
1 1 1 1 1 1 1 1 1 1 9 9 9 9 9 9 9
